,2,7,5,4,6,3,1
2,1,0.45405219132421865,0.412181680151716,0.3697470715378969,0.2854419517515751,0.4067914533976577,0.3602648447764875
7,0.45405219132421865,1,0.41224074274797173,0.535063521120825,0.2701270422416499,0.4510382330796485,0.2923923227151649
5,0.412181680151716,0.41224074274797173,1,0.3426946452202748,0.2731485476925779,0.3900538710460679,0.33765880280206156
4,0.3697470715378969,0.535063521120825,0.3426946452202748,1,0.535063521120825,0.4495662429428027,0.3537345712466189
6,0.2854419517515751,0.2701270422416499,0.2731485476925779,0.535063521120825,1,0.4480942528059568,0.4150768197780729
3,0.4067914533976577,0.4510382330796485,0.3900538710460679,0.4495662429428027,0.4480942528059568,1,0.34896114621919944
1,0.3602648447764875,0.2923923227151649,0.33765880280206156,0.3537345712466189,0.4150768197780729,0.34896114621919944,1
